4
0 3 -1
3
0 1 0
1 0.5
5 2 -1
2
1 0 0
1 0
-7 4 -1
4
1 1 1
1 1
10 5 -3
5
0 0 1
1 1
14
-100 0 100
100 0 -100
-100 0 -100
0.8 0.8 0.8
-100 0 100
100 0 100
100 0 -100
0.8 0.8 0.8
0 0 5
3 0 5
3 0 2
0.9 0.9 0.9
0 0 5
0 0 2
3 0 2
0.9 0.9 0.9
0 3 5
3 3 5
3 3 8
0.9 0.9 0.9
0 3 5
0 3 2
3 3 8
0.9 0.9 0.9
0 0 5
0 3 5
0 3 2
0.9 0.9 0.9
0 0 5
0 0 2
0 3 2
0.9 0.9 0.9
3 0 5
3 3 5
3 3 2
0.9 0.9 0.9
3 0 5
3 0 2
3 3 2
0.9 0.9 0.9
0 0 5
3 0 5
3 3 5
0.9 0.9 0.9
0 0 5
0 3 5
3 3 5
0.9 0.9 0.9
0 0 2
3 3 2
3 3 2
0.9 0.9 0.9
0 0 2
0 3 2
3 3 2
0.9 0.9 0.9
3
35 5 5
200
-30 5 5
150
0 50 0
200
0 1 -10
100
