4
0 3 0
3
0 1 0
1 0.5
5 2 0
2
1 0 0
1 0
-7 4 0
4
bar.ppm
1 1
10 5 -3
5
0 0 1
1 1
14
-100 0 100
100 0 -100
-100 0 -100
0.8 0.8 0.8
-100 0 100
100 0 100
100 0 -100
0.8 0.8 0.8
0 0 0
5 0 0
5 0 -5
0 0 0
0 0 0
0 0 -5
5 0 -5
0 0 0
0 5 0
5 5 0
5 5 5
0 0 0
0 5 0
0 5 -5
5 5 5
0 0 0
0 0 0
0 5 0
0 5 -5
0 0 0
0 0 0
0 0 -5
0 5 -5
0 0 0
5 0 0
5 5 0
5 5 -5
0 0 0
5 0 0
5 0 -5
5 5 -5
0 0 0
0 0 0
5 0 0
5 5 0
0 0 0
0 0 0
0 5 0
5 5 0
0 0 0
0 0 -5
5 5 -5
5 5 -5
0 0 0
0 0 -5
0 5 -5
5 5 -5
0 0 0
2
30 5 5
100
-30 5 5
150
0 50 0
200
